-0.7550162279164566,0.24407528508912343,-0.900403283760302
-0.7501487070529256,0.5928161186381019,-0.8865032869623486
-0.7391967851099807,0.39456686138734526,-0.8878568958392881
-0.7294617433829185,0.7587632905582508,-0.9005848544573137
-0.7197267016558564,0.5344168201976722,-0.8996598429612105
-0.7087747797129115,0.2817535472135016,-0.8829106549945915
-0.6990397379858494,0.5707954542514875,-0.8807868217850092
-0.6893046962587872,0.4760917514504112,-0.8853635326145486
-0.6783527743158423,1.041202405544857,-0.893491112082836
-0.6686177325887802,0.36565013681732295,-0.8789964624297874
-0.658882690861718,0.6430732715540602,-0.8781185320292365
-0.6479307689187732,0.44430927397198516,-0.8761264747782321
-0.638195727191711,0.40629150226737565,-0.8764712169433917
-0.628460685464649,0.5716533548036848,-0.8774964506940751
-0.617508763521704,0.5878621992792433,-0.8891787928178014
-0.6077737217946418,0.44750723517932506,-0.8902450110941558
-0.5980386800675798,0.46148067069830684,-0.8849416767501085
-0.5870867581246348,0.4411539035722011,-0.8842751914558695
-0.5773517163975727,0.547237870152213,-0.8705809082584112
-0.5676166746705106,1.3851694180069272,-0.8698012531040951
-0.5566647527275657,1.004705734110101,-0.8788794593970302
-0.5469297110005036,0.8521430276844466,-0.8876184481609858
-0.5371946692734414,0.8722726602155793,-0.8687560746866734
-0.5262427473304965,0.7411197443081665,-0.8732543940927057
-0.5165077056034344,0.6415838101698197,-0.8857609048490451
-0.5067726638763722,0.6579228608284776,-0.8851389086954987
-0.49582074193342734,0.6101578785946474,-0.8643390428790622
-0.4860857002063652,0.5865224141615563,-0.8776639785933956
-0.4763506584793031,1.1980290602469643,-0.8627651300078394
-0.4653987365363582,1.2230627200481046,-0.8689240041564652
-0.4556636948092961,0.6333309285457028,-0.8756535951263401
-0.44592865308223395,0.8892238016228262,-0.8712727046611406
-0.43497673113928903,0.9084286051898881,-0.8595919931569035
-0.4252416894122269,1.1054220420578538,-0.8788422715376328
-0.41550664768516476,0.74062812470095,-0.869156063213634
-0.4045547257422199,1.6341735321819382,-0.8645191411510128
-0.3948196840151577,0.73041363216883,-0.8563890427406784
-0.3850846422880956,0.7469510343026767,-0.8570758499345227
-0.3741327203451507,1.4558531222266937,-0.8755738894721998
-0.3643976786180886,2.11477063840311,-0.8655921861253782
-0.35466263689102645,1.263266008620439,-0.8648759304303095
-0.34371071494808153,0.8138465904104001,-0.8735976760016062
-0.3339756732210194,0.9568287988964091,-0.8674323523878361
-0.32424063149395727,0.8955759163497343,-0.8627252163367585
-0.3132887095510124,2.145377609592993,-0.853925103679559
-0.30355366782395027,1.168913984201753,-0.8653592752520582
-0.29381862609688814,0.898693563462826,-0.868228922177153
-0.2828667041539432,1.0499870638233144,-0.8555955151519014
-0.2731316624268811,0.932904933852154,-0.8483893938894868
-0.26339662069981895,1.0016817867736323,-0.8696931941409247
-0.2524446987568741,1.7882987128047858,-0.8468345860376533
-0.24270965702981193,2.4132287645515964,-0.8460627189167188
-0.2329746153027498,2.6497914953994224,-0.8563329445627262
-0.2220226933598049,2.2288981832101067,-0.8657672951884438
-0.21228765163274277,1.6006168433487553,-0.8504869303176038
-0.20255260990568064,1.1095484828699125,-0.8623168313363081
-0.19160068796273574,2.616102166622708,-0.861677847534948
-0.1818656462356736,2.6580674977476413,-0.8632522471582572
-0.17213060450861145,1.4487866988130622,-0.8390667528675871
-0.1611786825656666,1.2813658849514795,-0.8634513287615757
-0.15144364083860445,1.7573108581073313,-0.8553170929585073
-0.1417085991115423,1.219743070819176,-0.8585591052296622
-0.13075667716859743,1.2384197483725452,-0.8602244058050977
-0.12102163544153528,2.9211594341819267,-0.8354426402086452
-0.11128659371447314,1.212571995706979,-0.8365160502470753
-0.10033467177152826,1.4030380870969497,-0.8385312038845772
-0.09059963004446613,1.3143019648745624,-0.8555899175029081
-0.08086458831740398,2.329913843690967,-0.857352690183636
-0.0699126663744591,1.6842980451543652,-0.8320014246461503
-0.060177624647396954,1.3727012633149922,-0.8562522654044132
-0.050442582920334815,1.3925035550680525,-0.8445945529362563
-0.03949066097738994,1.341697589174731,-0.83185430382805
-0.029755619250327794,1.55310740596026,-0.8293826984215706
-0.020020577523265762,3.040962508315801,-0.8379384615314207
-0.009068655580320665,1.4736560797850584,-0.829964245476741
0.0006663861467414747,2.629352775293455,-0.8506806576479724
0.010401427873803399,1.515544747456391,-0.8501705414614743
0.021353349816748496,2.265960703945248,-0.8262620091079392
0.031088391543810635,3.9842624971835883,-0.840058145179467
